Sample #	Type
189	1
425	1
659	1
889	1
1113	1
1336	1
1553	1
1773	1
1999	1
2236	1
2476	1
2705	1
2934	1
3164	1
3389	1
3618	1
3844	1
4060	1
4292	1
4528	1
4767	1
5009	1
5246	1
5479	1
5701	1
5927	1
6145	1
6375	1
6620	1
6864	1
7105	1
7340	1
7570	1
7802	1
8039	1
8261	1
8492	1
8726	1
8966	1
9203	1
9430	1
9666	1
9905	1
10137	1
10373	1
10599	1
10843	1
11099	1
11352	1
11594	1
11829	1
12066	1
12302	1
12528	1
12757	1
13005	1
13246	1
13487	1
13719	1
13952	1
14186	1
14412	1
14638	1
14848	1
15075	1
15316	1
15552	1
15780	1
16018	1
16246	1
16472	1
16690	1
16910	1
17145	1
17380	1
17617	1
17847	1
18075	1
18302	1
18522	1
18748	1
18973	1
19148	0
19404	1
19639	1
19873	1
20107	1
20334	1
20558	1
20780	1
20996	1
21211	1
21432	1
21666	1
21911	1
22158	1
22388	1
22617	1
22838	1
23064	1
23291	1
23502	1
23730	1
23958	1
24169	1
24417	1
24641	1
24871	1
25096	1
25313	1
25496	0
25736	1
25968	1
26207	1
26443	1
26671	1
26891	1
27116	1
27338	1
27553	1
27762	1
27985	1
28218	1
28451	1
28678	1
28902	1
29131	1
29357	1
29574	1
29784	1
29999	1
30223	1
30457	1
30691	1
30922	1
31154	1
31383	1
31611	1
31834	1
32057	1
32300	1
32545	1
32788	1
33028	1
33260	1
33493	1
33720	1
33920	1
34170	1
34389	1
34621	1
34856	1
35097	1
35332	1
35558	1
35782	1
36001	1
36170	0
36407	1
36641	1
36877	1
37116	1
37341	1
37572	1
37794	1
38016	1
38243	1
38461	1
38675	1
38897	1
39129	1
39364	1
39586	1
39811	1
40039	1
40258	1
40477	1
40684	1
40907	1
41142	1
41377	1
41610	1
41833	1
42057	1
42276	1
42451	0
42709	1
42931	1
43171	1
43415	1
43642	1
43887	1
44122	1
44357	1
44581	1
44803	1
45014	1
45238	1
45467	1
45702	1
45936	1
46165	1
46387	1
46607	1
46827	1
47050	1
47269	1
47498	1
47738	1
47968	1
48198	1
48427	1
48656	1
48883	1
49110	1
49324	1
49552	1
49781	1
50017	1
50258	1
50486	1
50715	1
50936	1
51161	1
51385	1
51597	1
51835	1
52080	1
52318	1
52553	1
52779	1
53006	1
53231	1
53410	0
53650	1
53870	1
54094	1
54184	0
54320	1
54547	1
54772	1
55000	1
55228	1
55447	1
55667	1
55876	1
56106	1
56218	0
56346	1
56577	1
56745	0
56985	1
57214	1
57435	1
57651	1
57863	1
58087	1
58317	1
58550	1
58782	1
59011	1
59237	1
59467	1
59689	1
59909	1
60120	1
60344	1
60580	1
60817	1
61055	1
61290	1
61515	1
61739	1
61962	1
62192	1
62422	1
62662	1
62907	1
63148	1
63384	1
63622	1
63860	1
64096	1
64330	1
64548	1
64782	1
65018	1
65256	1
65499	1
65728	1
65955	1
66174	1
66396	1
66613	1
66840	1
67080	1
67324	1
67554	1
67781	1
68010	1
68240	1
68469	1
68690	1
68908	1
69135	1
69367	1
69556	0
69816	1
70045	1
70277	1
70496	1
70712	1
70920	1
71147	1
71392	1
71635	1
71876	1
72104	1
72338	1
72569	1
72792	1
73021	1
73246	1
73478	1
73717	1
73949	1
74181	1
74413	1
74641	1
74870	1
75088	1
75298	1
75531	1
75767	1
76007	1
76250	1
76481	1
76716	1
76938	1
77163	1
77392	1
77612	1
77847	1
78078	1
78313	1
78546	1
78769	1
78993	1
79215	1
79426	1
79633	1
79848	1
80075	1
80305	1
80531	1
80747	1
80963	1
81175	1
81387	1
81602	1
81808	1
82030	1
82265	1
82492	1
82718	1
82932	1
83150	1
83369	1
83582	1
83793	1
83992	1
84213	1
84441	1
84663	1
84891	1
85112	1
85335	1
85547	1
85748	1
85970	1
86182	1
86413	1
86643	1
86875	1
87092	1
87309	1
87530	1
87744	1
87962	1
88180	1
88393	1
88618	1
88843	1
89069	1
89298	1
89436	0
89521	1
89736	1
89950	1
90162	1
90365	1
90577	1
90793	1
91018	1
91239	1
91451	1
91660	1
91867	1
92073	1
92278	1
92487	1
92683	1
92894	1
93045	0
93285	1
93502	1
93705	1
93785	0
93914	1
94118	1
94325	1
94525	1
94717	1
94916	1
95088	0
95331	1
95549	1
95753	1
95957	1
96121	0
96344	1
96540	1
96733	1
96925	1
97127	1
97339	1
97544	1
97752	1
97949	1
98147	1
98349	1
98552	1
98746	1
98940	1
99121	1
99324	1
99531	1
99737	1
99941	1
100142	1
100347	1
100542	1
100738	1
100927	1
101117	1
101306	1
101510	1
101711	1
101915	1
102112	1
102308	1
102500	1
102697	1
102885	1
103078	1
103269	1
103455	1
103651	1
103844	1
104050	1
104255	1
104457	1
104658	1
104853	1
105045	1
105233	1
105425	1
105611	1
105807	1
106011	1
106216	1
106425	1
106618	1
106815	1
107007	1
107198	1
107341	0
107546	1
107737	1
107942	1
108142	1
108342	1
108537	1
108741	1
108933	1
109131	1
109322	1
109514	1
109702	1
109881	1
110021	0
110231	1
110444	1
110657	1
110853	1
111045	1
111236	1
111428	1
111619	1
111807	1
111990	1
112185	1
112390	1
112541	0
112749	1
112954	1
113149	1
113347	1
113545	1
113736	1
113929	1
114112	1
114298	1
114495	1
114700	1
114901	1
115107	1
115305	1
115507	1
115704	1
115900	1
116090	1
116281	1
116484	1
116692	1
116902	1
117108	1
117317	1
117517	1
117722	1
117921	1
118090	0
118322	1
118516	1
118719	1
118927	1
119138	1
119351	1
119565	1
119770	1
119976	1
120168	1
120364	1
120565	1
120759	1
120969	1
121177	1
121392	1
121597	1
121796	1
121992	1
122188	1
122251	0
122332	0
122569	1
122761	1
122954	1
123150	1
123361	1
123568	1
123771	1
123972	1
124130	0
124365	1
124561	1
124756	1
124942	1
125086	0
125303	1
125518	1
125723	1
125928	1
126077	0
126284	1
126485	1
126683	1
126873	1
127067	1
127260	1
127467	1
127671	1
127845	1
128068	1
128268	1
128471	1
128670	1
128805	0
129033	1
129224	1
129409	1
129612	1
129814	1
130026	1
130235	1
130437	1
130594	0
130820	1
131014	1
131206	1
131397	1
131595	1
131797	1
132006	1
132203	1
132406	1
132600	1
132797	1
132957	0
133181	1
133379	1
133567	1
133762	1
133963	1
134170	1
134380	1
134579	1
134787	1
134991	1
135183	1
135378	1
135537	0
135752	1
135952	1
136160	1
136370	1
136576	1
136780	1
136977	1
137171	1
137366	1
137566	1
137758	1
137906	0
138129	1
138331	1
138535	1
138740	1
138888	0
139102	1
139306	1
139508	1
139699	1
139890	1
140069	1
140263	1
140459	1
140673	1
140872	1
141075	1
141262	1
141428	0
141643	1
141837	1
142030	1
142126	0
142217	1
142373	0
142608	1
142820	1
143024	1
143226	1
143428	1
143638	1
143835	1
144019	1
144225	1
144414	1
144615	1
144824	1
145031	1
145244	1
145456	1
145658	1
145860	1
146059	1
146260	1
146464	1
146666	1
146879	1
147104	1
147319	1
147537	1
147753	1
147966	1
148123	0
148380	1
148600	1
148804	1
149021	1
149238	1
149464	1
149692	1
149905	1
150122	1
150285	0
150528	1
150741	1
150940	1
151162	1
151387	1
151617	1
151724	0
151769	0
151902	0
152034	0
152165	0
152301	0
152435	0
152569	0
152703	0
152835	0
152967	0
153097	0
153229	0
153369	0
153510	0
153652	0
153797	0
153934	0
154072	0
154205	0
154347	0
154425	1
154644	1
154852	1
155054	1
155250	1
155466	1
155694	1
155853	0
155984	0
156201	1
156421	1
156638	1
156853	1
157073	1
157293	1
157513	1
157741	1
157981	1
158222	1
158458	1
158695	1
158923	1
159125	1
159368	1
159581	1
159815	1
160053	1
160291	1
160532	1
160755	1
160980	1
161204	1
161432	1
161657	1
161882	1
162118	1
162345	1
162595	1
162828	1
163063	1
163299	1
163534	1
163759	1
163980	1
164214	1
164462	1
164712	1
164950	1
165184	1
165415	1
165643	1
165870	1
166092	1
166330	1
166576	1
166816	1
167048	1
167278	1
167516	1
167706	0
167976	1
168196	1
168436	1
168677	1
168915	1
169157	1
169388	1
169616	1
169850	1
170076	1
170295	1
170531	1
170781	1
171027	1
171259	1
171488	1
171723	1
171948	1
172175	1
172404	1
172624	1
172861	1
173098	1
173340	1
173578	1
173812	1
173984	0
174247	1
174482	1
174699	1
174929	1
175169	1
175407	1
175643	1
175873	1
176099	1
176282	0
176545	1
176774	1
176999	1
177225	1
177465	1
177701	1
177928	1
178159	1
178387	1
178619	1
178845	1
179062	1
179299	1
179546	1
179792	1
180029	1
180257	1
180483	1
180704	1
180896	1
181136	1
181364	1
181598	1
181826	1
182054	1
182279	1
182515	1
182684	0
182825	0
183030	1
183300	1
183540	1
183781	1
184015	1
184252	1
184479	1
184704	1
184927	1
185144	1
185361	1
185555	0
185811	1
186050	1
186283	1
186513	1
186717	0
186970	1
187201	1
187430	1
187654	1
187833	0
188116	1
188353	1
188595	1
188829	1
189057	1
189280	1
189504	1
189726	1
189946	1
190182	1
190423	1
190664	1
190890	1
191117	1
191343	1
191570	1
191803	1
192027	1
192264	1
192503	1
192743	1
192983	1
193218	1
193452	1
193685	1
193913	1
194128	1
194358	1
194605	1
194849	1
195083	1
195315	1
195546	1
195753	1
195991	1
196216	1
196440	1
196676	1
196914	1
197150	1
197377	1
197609	1
197842	1
198067	1
198289	1
198503	1
198736	1
198952	0
199218	1
199460	1
199699	1
199932	1
200042	0
200081	0
200210	0
200350	0
200506	0
200704	0
200873	0
201014	0
201159	0
201299	0
201440	0
201582	0
201715	0
201855	0
201987	0
202125	0
202262	0
202397	0
202536	0
202672	0
202799	0
202936	0
203072	0
203209	0
203350	0
203492	0
203633	0
203778	0
203914	0
204053	0
204190	0
204320	0
204452	0
204583	0
204711	0
204841	0
204962	0
205097	0
205235	0
205375	0
205519	0
205659	0
205797	0
205936	0
206068	0
206200	0
206334	0
206468	0
206602	0
206735	0
206865	0
206995	0
207123	0
207256	0
207395	0
207536	0
207674	0
207816	0
207949	0
208086	0
208222	0
208358	0
208497	0
208630	0
208763	0
208896	0
209031	0
209159	0
209285	0
209420	0
209561	0
209705	0
209844	0
209990	0
210180	0
210347	0
210399	1
210612	1
210831	1
211041	1
211261	1
211484	1
211722	1
211968	1
212214	1
212462	1
212712	1
212949	1
213186	1
213413	1
213629	1
213802	0
214084	1
214328	1
214567	1
214790	1
215016	1
215235	1
215455	1
215675	1
215793	0
215830	0
215964	0
216106	0
216244	0
216379	0
216519	0
216658	0
216796	0
216934	0
217072	0
217212	0
217349	0
217486	0
217626	0
217760	0
217890	0
218028	0
218167	0
218307	0
218448	0
218584	0
218726	0
218863	0
218995	0
219135	0
219269	0
219405	0
219538	0
219668	0
219801	0
219930	0
220051	0
220186	0
220323	0
220462	0
220606	0
220744	0
220883	0
221024	0
221153	0
221282	0
221413	0
221545	0
221679	0
221812	0
221941	0
222071	0
222193	0
222321	0
222463	0
222597	0
222735	0
222878	0
223013	0
223152	0
223290	0
223428	0
223570	0
223746	1
223855	0
223942	1
224137	1
224324	1
224524	1
224743	1
224971	1
225215	1
225454	1
225700	1
225954	1
226201	1
226446	1
226693	1
226943	1
227194	1
227441	1
227685	1
227923	1
228150	1
228370	1
228596	1
228814	1
229045	1
229283	1
229457	0
229737	1
229964	1
230187	1
230405	1
230624	1
230839	1
231065	1
231299	1
231525	1
231751	1
231979	1
232198	1
232423	1
232606	0
232856	1
233070	1
233292	1
233525	1
233740	1
233991	1
234212	1
234431	1
234648	1
234817	0
235061	1
235282	1
235520	1
235761	1
235994	1
236222	1
236444	1
236670	1
236894	1
237112	1
237325	1
237548	1
237782	1
237997	1
238247	1
238474	1
238707	1
238925	1
239108	0
239355	1
239573	1
239808	1
240039	1
240232	0
240490	1
240712	1
240941	1
241162	1
241385	1
241599	1
241812	1
242038	1
242259	1
242482	1
242705	1
242927	1
243141	1
243354	1
243567	1
243773	1
243992	1
244217	1
244448	1
244684	1
244907	1
245128	1
245344	1
245566	1
245791	1
246002	1
246229	1
246441	1
246687	1
246918	1
247137	1
247363	1
247586	1
247802	1
248020	1
248229	1
248457	1
248694	1
248930	1
249160	1
249377	1
249597	1
249820	1
250035	1
250247	1
250469	1
250703	1
250933	1
251158	1
251380	1
251608	1
251836	1
252052	1
252271	1
252482	1
252697	1
252940	1
253171	1
253406	1
253633	1
253856	1
254077	1
254290	1
254509	1
254687	0
254949	1
255188	1
255413	1
255638	1
255828	0
256073	1
256296	1
256517	1
256731	1
256896	0
257152	1
257390	1
257629	1
257861	1
258083	1
258308	1
258525	1
258742	1
258955	1
259181	1
259417	1
259652	1
259881	1
260106	1
260330	1
260554	1
260784	1
261006	1
261225	1
261455	1
261694	1
261933	1
262160	1
262389	1
262620	1
262845	1
263046	1
263279	1
263514	1
263755	1
263994	1
264111	0
264161	0
264307	0
264502	0
264672	0
264806	0
264945	0
265076	0
265211	0
265344	0
265473	0
265615	0
265758	0
265900	0
266045	0
266188	0
266328	0
266467	0
266606	0
266747	0
266891	0
267025	0
267158	0
267292	0
267423	0
267547	0
267680	0
267817	0
267956	0
268092	0
268229	0
268371	0
268508	0
268644	0
268780	0
268911	0
269043	0
269174	0
269302	0
269432	0
269558	0
269683	0
269758	1
269970	1
270181	1
270387	1
270588	1
270788	1
270875	0
270989	1
271185	1
271385	1
271583	1
271791	1
271916	0
272187	1
272412	1
272650	1
272889	1
273112	1
273338	1
273552	1
273769	1
273985	1
274191	1
274421	1
274650	1
274876	1
275093	1
275306	1
275515	1
275709	1
275936	1
276143	1
276346	1
276553	1
276767	1
276986	1
277199	1
277408	1
277617	1
277829	1
278030	1
278231	1
278424	1
278638	1
278863	1
279079	1
279232	0
279480	1
279693	1
279900	1
280111	1
280272	0
280502	1
280726	1
280961	1
281035	0
281202	1
281437	1
281669	1
281910	1
282126	0
282364	1
282588	1
282807	1
283042	1
283274	1
283507	1
283741	1
283969	1
284196	1
284415	1
284640	1
284859	1
285014	0
285226	1
285337	0
285400	0
285547	0
285693	0
285835	0
285972	0
286111	0
286249	0
286391	0
286525	0
286660	0
286794	0
286922	0
287048	0
287182	0
287317	0
287458	0
287599	0
287744	0
287893	0
288034	0
288167	0
288305	0
288430	0
288557	0
288688	0
288832	0
288899	1
289140	1
289353	1
289571	1
289793	1
289999	1
290219	1
290428	1
290646	1
290871	1
290978	0
291042	0
291303	1
291397	0
291525	1
291762	1
291841	0
291999	1
292076	0
292228	1
292458	1
292689	1
292912	1
293122	1
293353	1
293571	1
293807	1
294044	1
294222	0
294495	1
294727	1
294955	1
295170	1
295394	1
295609	1
295837	1
296066	1
296214	0
296295	1
296525	1
296755	1
296982	1
297202	1
297424	1
297646	1
297858	1
298089	1
298327	1
298568	1
298807	1
299032	1
299262	1
299483	1
299709	1
299935	1
300163	1
300401	1
300638	1
300877	1
301109	1
301341	1
301570	1
301779	1
302026	1
302248	1
302487	1
302735	1
302980	1
303215	1
303447	1
303678	1
303887	0
304147	1
304375	1
304611	1
304852	1
305083	1
305156	0
305312	1
305530	1
305759	1
305991	1
306213	1
306427	1
306652	1
306883	1
307104	1
307347	1
307577	1
307810	1
308031	1
308206	0
308458	1
308675	1
308907	1
309140	1
309371	1
309593	1
309711	0
309810	1
310033	1
310250	1
310402	0
310606	1
310721	0
310766	0
310902	0
311040	0
311181	0
311319	0
311455	0
311594	0
311737	0
311877	0
312019	0
312153	0
312293	0
312430	0
312562	0
312753	1
312955	0
313003	1
313224	1
313451	1
313674	1
313895	1
314100	1
314311	1
314517	1
314725	1
314937	1
315140	1
315360	1
315581	1
315664	0
315808	1
316030	1
316248	1
316468	1
316685	1
316904	1
317099	1
317317	1
317533	1
317762	1
317985	1
318223	1
318446	1
318664	1
318884	1
319087	1
319318	1
319535	1
319765	1
319993	1
320171	0
320433	1
320654	1
320879	1
321063	1
321311	1
321524	1
321735	1
321959	1
322192	1
322419	1
322644	1
322871	1
323088	1
323305	1
323519	1
323731	1
323942	1
324183	1
324416	1
324638	1
324857	1
325053	1
325286	1
325505	1
325716	1
325920	1
326134	1
326357	1
326575	1
326795	1
327015	1
327226	1
327438	1
327641	1
327851	1
328055	1
328268	1
328495	1
328727	1
328957	1
329180	1
329401	1
329619	1
329848	1
330075	1
330288	1
330520	1
330706	0
330980	1
331219	1
331454	1
331682	1
331908	1
332129	1
332344	1
332566	1
332746	0
333031	1
333267	1
333493	1
333713	1
333935	1
334157	1
334372	1
334585	1
334800	1
335045	1
335274	1
335502	1
335725	1
335955	1
336180	1
336405	1
336623	1
336840	1
337080	1
337317	1
337555	1
337785	1
338013	1
338238	1
338452	1
338626	0
338870	1
339103	1
339339	1
339570	1
339801	1
340025	1
340249	1
340471	1
340694	1
340916	1
341125	1
341351	1
341584	1
341823	1
342063	1
342289	1
342503	1
342741	1
342964	1
343183	1
343414	1
343600	0
343896	1
344141	1
344379	1
344609	1
344844	1
345084	1
345309	1
345540	1
345779	1
346019	1
346256	1
346459	1
346704	1
346934	1
347156	1
347384	1
347532	0
347806	1
348064	1
348306	1
348491	0
348743	1
348977	1
349210	1
349432	1
349649	1
349886	1
350126	1
350373	1
350612	1
350849	1
351093	1
351291	1
351551	1
351775	1
352006	1
352247	1
352489	1
352732	1
352974	1
353208	1
353441	1
353667	1
353892	1
354118	1
354352	1
354590	1
354820	1
355049	1
355276	1
355493	1
355685	0
355935	1
356150	1
356382	1
356619	1
356865	1
357113	1
357344	1
357582	1
357811	1
358043	1
358270	1
358498	1
358756	1
359011	1
359256	1
359463	0
359724	1
359966	1
360209	1
360432	1
360609	0
360879	1
361130	1
361369	1
361600	1
361834	1
362064	1
362285	1
362505	1
362722	1
362958	1
363200	1
363434	1
363669	1
363894	1
364119	1
364347	1
364575	1
364794	1
365031	1
365270	1
365513	1
365754	1
365995	1
366236	1
366467	1
366688	1
366883	0
367131	1
367366	1
367609	1
367847	1
368046	0
368300	1
368527	1
368752	1
368980	1
369187	1
369430	1
369667	1
369904	1
370135	1
370361	1
370592	1
370814	1
371037	1
371247	1
371467	1
371694	1
371932	1
372171	1
372397	1
372621	1
372842	1
373061	1
373282	1
373496	1
373728	1
373805	0
373967	1
374196	1
374425	1
374643	1
374867	1
375089	1
375303	1
375520	1
375725	1
375949	1
376181	1
376410	1
376642	1
376865	1
377087	1
377309	1
377523	1
377742	1
377974	1
378212	1
378450	1
378678	1
378904	1
379129	1
379352	1
379577	1
379777	0
380012	1
380244	1
380478	1
380709	1
380936	1
381171	1
381400	1
381626	1
381844	1
382057	1
382286	1
382519	1
382754	1
382990	1
383210	1
383432	1
383645	1
383866	1
384089	1
384298	1
384522	1
384748	1
384978	1
385208	1
385427	1
385655	1
385880	1
386047	0
386288	1
386505	1
386735	1
386973	1
387211	1
387442	1
387666	1
387889	1
388109	1
388330	1
388545	1
388774	1
389015	1
389250	1
389483	1
389708	1
389937	1
390164	1
390381	1
390600	1
390810	1
391034	1
391266	1
391494	1
391728	1
391955	1
392176	1
392388	1
392611	1
392824	1
393076	1
393321	1
393561	1
393788	1
394011	1
394243	1
394466	1
394689	1
394910	1
395124	1
395325	1
395572	1
395804	1
396036	1
396258	1
396418	0
396567	0
396673	1
396893	1
397106	1
397320	1
397546	1
397782	1
398017	1
398241	1
398465	1
398683	1
398903	1
399125	1
399336	1
399561	1
399786	1
400021	1
400258	1
400481	1
400713	1
400942	1
401169	1
401391	1
401604	1
401837	1
402080	1
402319	1
402553	1
402775	1
402954	0
403213	1
403437	1
403655	1
403856	1
404113	1
404350	1
404585	1
404813	1
405016	1
405277	1
405502	1
405722	1
405938	1
406169	1
406404	1
406637	1
406867	1
407074	1
407313	1
407532	1
407751	1
407967	1
408195	1
408426	1
408663	1
408894	1
409118	1
409349	1
409577	1
409804	1
410032	1
410235	0
410482	1
410715	1
410954	1
411195	1
411420	1
411647	1
411870	1
412093	1
412309	1
412536	1
412777	1
413021	1
413254	1
413481	1
413709	1
413939	1
414113	0
414368	1
414593	1
414821	1
415052	1
415289	1
415520	1
415747	1
415974	1
416193	1
416359	0
416607	1
416838	1
417079	1
417315	1
417548	1
417768	1
417996	1
418221	1
418439	1
418663	1
418887	1
419119	1
419357	1
419594	1
419831	1
420067	1
420295	1
420525	1
420744	1
420960	1
421192	1
421427	1
421669	1
421907	1
422134	1
422364	1
422583	1
422806	1
422974	0
423229	1
423465	1
423698	1
423935	1
424169	1
424394	1
424626	1
424840	1
425079	1
425294	1
425521	1
425698	0
425971	1
426220	1
426451	1
426677	1
426900	1
427121	1
427343	1
427565	1
427784	1
428039	1
428276	1
428507	1
428700	0
428960	1
429193	1
429414	1
429627	1
429855	1
430086	1
430320	1
430554	1
430781	1
431013	1
431232	1
431455	1
431672	1
431889	1
432127	1
432363	1
432602	1
432776	0
433026	1
433262	1
433484	1
433710	1
433930	1
434160	1
434396	1
434625	1
434864	1
435098	1
435326	1
435550	1
435756	1
435990	1
436209	1
436440	1
436654	0
436917	1
437150	1
437384	1
437610	1
437836	1
438063	1
438282	1
438516	1
438748	1
438971	1
439224	1
439449	1
439602	0
439682	1
439911	1
440141	1
440361	1
440583	1
440820	1
441006	0
441286	1
441519	1
441745	1
441967	1
442187	1
442403	1
442621	1
442851	1
443029	0
443302	1
443540	1
443764	1
443992	1
444222	1
444443	1
444661	1
444873	1
445102	1
445341	1
445571	1
445795	1
446031	1
446249	1
446467	1
446680	1
446893	1
447125	1
447353	1
447589	1
447816	1
448040	1
448269	1
448489	1
448680	1
448930	1
449144	1
449374	1
449558	0
449605	1
449836	1
450070	1
450296	1
450520	1
450735	1
450953	1
451164	1
451383	1
451614	1
451849	1
452082	1
452307	1
452529	1
452749	1
452974	1
453197	1
453408	1
453600	1
453857	1
454087	1
454319	1
454544	1
454771	1
454996	1
455215	1
455434	1
455647	1
455878	1
456119	1
456353	1
456584	1
456805	1
457030	1
457250	1
457476	1
457690	1
457923	1
458156	1
458389	1
458618	1
458847	1
459081	1
459300	1
459521	1
459736	1
459947	1
460179	1
460407	1
460640	1
460871	1
461026	0
461260	1
461482	1
461696	1
461913	1
462129	1
462354	1
462583	1
462811	1
463039	1
463266	1
463491	1
463716	1
463944	1
464157	1
464387	1
464620	1
464865	1
465061	0
465328	1
465566	1
465789	1
466011	1
466237	1
466453	1
466689	1
466931	1
467146	1
467393	1
467615	1
467840	1
468067	1
468288	1
468506	1
468733	1
468972	1
469217	1
469450	1
469626	0
469904	1
470133	1
470359	1
470578	1
470800	1
471040	1
471277	1
471516	1
471740	1
471965	1
472195	1
472417	1
472644	1
472865	1
473100	1
473344	1
473579	1
473818	1
474058	1
474256	0
474508	1
474732	1
474951	1
475184	1
475417	1
475660	1
475904	1
476133	1
476364	1
476589	1
476814	1
477043	1
477263	1
477489	1
477727	1
477960	1
478193	1
478418	1
478613	1
478867	1
479095	1
479312	1
479483	0
479758	1
480006	1
480247	1
480472	1
480700	1
480924	1
481147	1
481366	1
481586	1
481821	1
482058	1
482289	1
482517	1
482743	1
482971	1
483198	1
483421	1
483636	1
483863	1
484102	1
484343	1
484583	1
484815	1
485053	1
485284	1
485510	1
485724	1
485960	1
486204	1
486442	1
486681	1
486909	1
487139	1
487365	1
487589	1
487820	1
488044	1
488278	1
488519	1
488759	1
488999	1
489236	1
489468	1
489692	1
489916	1
490134	1
490364	1
490607	1
490848	1
491089	1
491320	1
491546	1
491752	1
492010	1
492233	1
492466	1
492704	1
492944	1
493183	1
493410	1
493648	1
493880	1
494101	1
494326	1
494542	1
494776	1
495022	1
495264	1
495497	1
495721	1
495949	1
496180	1
496400	1
496617	1
496856	1
497094	1
497329	1
497560	1
497787	1
498019	1
498243	1
498466	1
498678	1
498898	1
499132	1
499366	1
499604	1
499838	1
500062	1
500289	1
500509	1
500732	1
500951	1
501183	1
501418	1
501649	1
501882	1
502109	1
502290	0
502549	1
502776	1
502993	1
503211	1
503386	0
503648	1
503894	1
504131	1
504359	1
504586	1
504811	1
505033	1
505248	1
505483	1
505722	1
505962	1
506200	1
506377	0
506635	1
506872	1
507106	1
507326	1
507498	0
507753	1
507995	1
508234	1
508407	0
508665	1
508906	1
509131	1
509353	1
509569	1
509805	1
510050	1
510287	1
510526	1
510751	1
510974	1
511200	1
511424	1
511643	1
511871	1
512105	1
512346	1
512578	1
512807	1
513039	1
513261	1
513486	1
513704	1
513919	1
514154	1
514390	1
514633	1
514875	1
515103	1
515331	1
515554	1
515782	1
516005	1
516233	1
516473	1
516707	1
516943	1
517174	1
517399	1
517628	1
517856	1
518079	1
518295	1
518525	1
518766	1
519012	1
519249	1
519484	1
519710	1
519939	1
520169	1
520385	1
520602	1
520865	1
521102	1
521339	1
521563	1
521792	1
522022	1
522245	1
522463	1
522685	1
522916	1
523158	1
523392	1
523625	1
523857	1
524082	1
524307	1
524524	1
524740	1
524978	1
525215	1
525453	1
525681	1
525906	1
526132	1
526350	1
526578	1
526793	1
526991	0
527247	1
527483	1
527719	1
527949	1
528182	1
528408	1
528628	1
528848	1
529063	1
529295	1
529535	1
529772	1
530008	1
530232	1
530456	1
530678	1
530883	1
531120	1
531348	1
531583	1
531821	1
532055	1
532280	1
532512	1
532741	1
532970	1
533190	1
533405	1
533640	1
533884	1
534125	1
534360	1
534585	1
534808	1
535022	1
535248	1
535463	1
535690	1
535928	1
536162	1
536393	1
536613	1
536842	1
537072	1
537293	1
537515	1
537731	1
537959	1
538196	1
538434	1
538667	1
538897	1
539120	1
539345	1
539568	1
539787	1
540026	1
540266	1
540506	1
540741	1
540937	0
541195	1
541426	1
541650	1
541876	1
542039	0
542312	1
542555	1
542799	1
543036	1
543264	1
543490	1
543713	1
543934	1
544150	1
544385	1
544625	1
544863	1
545095	1
545323	1
545552	1
545731	0
545987	1
546213	1
546443	1
546680	1
546920	1
547161	1
547396	1
547631	1
547866	1
548094	1
548316	1
548533	1
548777	1
549025	1
549264	1
549499	1
549687	0
549952	1
550182	1
550412	1
550562	0
550778	1
550895	0
550950	0
551102	0
551251	0
551399	0
551547	0
551701	0
551843	0
551918	1
552209	1
552442	1
552661	1
552877	1
553111	1
553344	1
553576	1
553808	1
554030	1
554253	1
554468	1
554692	1
554913	1
555143	1
555338	0
555609	1
555850	1
556084	1
556314	1
556545	1
556777	1
556997	1
557177	0
557444	1
557687	1
557931	1
558163	1
558393	1
558614	1
558839	1
559050	1
559276	1
559513	1
559758	1
559996	1
560180	0
560440	1
560672	1
560899	1
561094	0
561336	1
561561	1
561798	1
562041	1
562280	1
562518	1
562753	1
562984	1
563217	1
563440	1
563663	1
563910	1
564153	1
564395	1
564623	1
564853	1
565087	1
565267	0
565527	1
565752	1
565984	1
566153	0
566417	1
566662	1
566895	1
567126	1
567354	1
567576	1
567797	1
568018	1
568236	1
568494	1
568733	1
568967	1
569199	1
569423	1
569646	1
569878	1
570099	1
570333	1
570567	1
570805	1
571043	1
571268	1
571503	1
571736	1
571960	1
572173	1
572400	1
572636	1
572862	1
573113	1
573341	1
573565	1
573789	1
574014	1
574236	1
574457	1
574692	1
574873	0
575155	1
575393	1
575622	1
575856	1
575971	0
576085	1
576310	1
576521	1
576754	1
576953	1
577214	1
577450	1
577676	1
577841	0
578066	1
578287	1
578500	1
578709	1
578937	1
579164	1
579396	1
579622	1
579837	1
580059	1
580274	1
580490	1
580706	1
580913	1
581138	1
581362	1
581566	1
581649	0
581818	1
582043	1
582263	1
582475	1
582652	0
582894	1
583105	1
583335	1
583568	1
583797	1
584021	1
584238	1
584455	1
584672	1
584890	1
585097	1
585315	1
585538	1
585765	1
585998	1
586220	1
586446	1
586669	1
586867	1
587102	1
587308	1
587535	1
587773	1
587979	1
588237	1
588460	1
588686	1
588907	1
589121	1
589340	1
589555	1
589782	1
590009	1
590236	1
590462	1
590682	1
590883	1
591122	1
591341	1
591553	1
591761	1
591972	1
592215	1
592446	1
592674	1
592890	1
593108	1
593318	1
593533	1
593746	1
593965	1
594194	1
594420	1
594655	1
594879	1
595100	1
595322	1
595433	0
595536	1
595753	1
595950	1
596164	1
596380	1
596602	1
596825	1
597038	1
597252	1
597457	1
597661	1
597867	1
598064	1
598129	0
598274	1
598487	1
598676	0
598918	1
599136	1
599340	1
599549	1
599760	1
599968	1
600177	1
600379	1
600600	1
600824	1
601051	1
601277	1
601435	0
601681	1
601902	1
602120	1
602330	1
602537	1
602760	1
602991	1
603217	1
603409	1
603642	1
603859	1
604073	1
604228	0
604475	1
604691	1
604910	1
605139	1
605358	1
605585	1
605810	1
605994	0
606241	1
606456	1
606675	1
606887	1
607111	1
607347	1
607577	1
607803	1
608019	1
608236	1
608448	1
608596	0
608663	1
608863	1
609088	1
609311	1
609529	1
609709	0
609958	1
610178	1
610400	1
610622	1
610844	1
611055	1
611225	0
611272	1
611500	1
611689	0
611957	1
612180	1
612399	1
612613	1
612824	1
613038	1
613239	1
613451	1
613683	1
613904	1
614127	1
614341	1
614511	0
614754	1
614976	1
615194	1
615398	1
615617	1
615843	1
616071	1
616304	1
616528	1
616759	1
616979	1
617133	0
617341	1
617455	0
617504	0
617647	0
617797	0
617951	0
618068	0
618164	1
618287	0
618349	0
618502	0
618651	0
618861	0
619036	0
619178	0
619322	0
619466	0
619608	0
619740	0
619884	0
620037	0
620189	0
620305	0
620398	1
620692	1
620926	1
621150	1
621346	1
621566	1
621778	1
621987	1
622158	0
622416	1
622663	1
622893	1
623118	1
623342	1
623571	1
623802	1
624000	0
624244	1
624482	1
624722	1
624962	1
625198	1
625434	1
625668	1
625894	1
626120	1
626344	1
626590	1
626843	1
627035	0
627315	1
627558	1
627800	1
628032	1
628267	1
628499	1
628740	1
628935	0
629217	1
629460	1
629704	1
629939	1
630176	1
630405	1
630631	1
630873	1
631125	1
631372	1
631612	1
631779	0
631897	0
631983	0
632151	0
632292	0
632434	0
632577	0
632720	0
632869	0
632937	1
633247	1
633490	1
633727	1
633959	1
634191	1
634422	1
634620	1
634866	1
635101	1
635344	1
635592	1
635836	1
636067	1
636301	1
636516	1
636750	1
636969	1
637205	1
637446	1
637687	1
637925	1
638157	1
638391	1
638623	1
638855	1
639085	1
639306	1
639493	0
639775	1
640022	1
640261	1
640499	1
640733	1
640964	1
641193	1
641420	1
641669	1
641919	1
642172	1
642411	1
642618	1
642878	1
643107	1
643339	1
643568	1
643803	1
644046	1
644277	1
644474	1
644740	1
644969	1
645195	1
645355	0
645603	1
645840	1
646075	1
646320	1
646564	1
646795	1
647034	1
647265	1
647443	0
647717	1
647947	1
648194	1
648435	1
648673	1
648912	1
649149	1
649387	1
649627	1
649857	1
	
